35 6.2
36 0.0
38 0.0
39 0.0
43 0.0
45 0.0
47 0.0
48 0.0
51 0.0
56 0.0
57 0.0
58 0.0
61 0.0
63 0.0
66 0.0
72 4.8
73 1.0
75 0.0
77 0.3
79 0.0
84 0.0
85 0.0
86 0.0
88 0.0
90 0.0
91 0.1
93 0.1
96 1.6
97 1.6
98 0.0
102 0.0
103 0.0
104 0.0
106 0.0
109 0.0
120 0.0
126 0.0
131 0.0
134 0.0
135 0.0
137 0.0
138 0.0
149 0.0
150 0.0
152 0.0
154 0.0
159 0.0
160 0.0
162 0.6
165 0.0
173 0.5
175 0.0
177 0.6
178 0.0
180 0.9
183 0.0
185 0.0
186 0.0
187 0.0
194 0.0
195 0.0
198 0.2
204 0.0
207 0.0
208 0.0
210 0.5
213 0.1
219 0.1
220 0.0
222 0.2
224 0.1
232 0.0
234 0.3
236 0.0
238 0.0
239 6.1
240 3.4
241 0.0
243 0.3
246 0.0
247 0.0
249 0.2
252 0.0
253 0.0
255 0.2
258 0.0
259 0.0
262 0.0
266 2.7
267 1.9
268 0.1
275 0.5
277 0.0
278 0.0
292 0.1
295 0.0
298 0.0
300 0.3
301 0.0
308 0.1
309 0.0
310 1.3
312 0.0
315 0.0
316 0.2
319 0.1
320 0.0
321 0.0
322 0.0
325 0.0
326 0.0
330 0.0
332 1.3
334 0.0
337 0.0
343 0.0
348 0.1
349 0.0
351 0.0
354 0.7
358 0.1
364 0.0
367 0.0
371 0.0
372 0.1
373 0.3
375 0.0
378 0.2
383 1.0
387 0.1
390 1.1
393 0.5
395 0.0
401 0.1
404 0.0
406 0.0
408 0.4
409 0.0
410 0.4
413 0.1
414 0.0
415 1.0
417 0.0
420 0.0
421 0.1
426 0.0
429 1.2
432 0.0
436 0.0
439 0.0
449 0.0
453 0.0
456 0.3
458 3.3
459 4.1
460 0.1
464 0.0
467 0.6
470 0.0
472 0.0
473 0.2
475 0.0
477 0.0
478 0.0
480 1.2
483 0.0
485 2.5
488 0.0
492 0.1
495 0.0
496 0.1
498 0.7
502 0.4
503 0.1
507 0.0
514 0.0
518 4.8
519 3.8
528 0.0
529 0.1
534 0.6
543 0.0
546 0.0
549 0.1
550 0.0
554 0.9
561 0.0
562 0.0
564 1.0
566 0.3
572 0.0
573 0.1
578 0.7
581 0.0
587 0.0
589 0.0
591 0.5
593 0.2
597 0.3
602 0.6
605 0.6
608 0.1
609 0.0
610 0.0
612 1.7
614 0.2
618 0.3
623 0.0
627 0.2
628 0.0
632 0.4
636 0.0
641 0.0
644 0.1
652 0.0
654 0.2
656 0.3
659 0.7
663 0.2
666 0.0
669 0.1
670 0.0
673 0.0
675 0.1
678 1.0
684 0.0
685 0.0
687 1.8
689 0.0
690 0.1
696 0.6
699 0.0
706 0.0
708 0.1
709 0.1
714 0.1
715 0.0
717 0.7
720 0.0
721 0.0
723 0.0
724 0.3
726 0.0
728 0.0
731 0.0
735 0.0
736 0.1
738 0.0
740 0.1
743 0.0
744 0.3
749 0.0
754 0.0
755 0.0
757 0.0
759 0.2
763 0.0
765 0.1
766 0.0
767 0.0
772 0.0
773 0.0
777 0.0
780 0.0
781 0.0
785 2.0
786 3.3
791 0.0
793 0.0
795 0.0
797 0.0
798 0.3
800 0.2
803 0.1
804 0.0
806 0.0
809 0.1
813 0.0
819 0.0
823 0.0
825 0.4
826 0.0
828 0.4
829 0.0
831 0.4
832 0.0
838 0.1
839 0.0
843 0.0
844 0.0
848 0.0
849 0.0
852 0.2
857 0.1
860 0.0
864 0.2
866 0.0
867 0.2
869 0.0
870 0.1
873 0.2
876 0.3
878 0.0
879 0.2
881 0.0
888 2.4
889 2.4
891 0.0
893 0.5
895 0.0
896 0.0
897 0.0
899 0.1
900 0.0
903 0.0
904 0.0
907 0.0
908 0.0
913 0.0
914 0.0
915 0.0
916 0.1
919 0.0
920 0.0
921 0.0
922 0.0
923 0.0
924 0.0
926 0.0
931 1.0
932 2.3
933 0.0
934 0.0
936 0.0
939 0.1
941 0.0
942 0.0
943 0.0
944 0.0
