35 1.0
36 1.0
38 0.0
39 0.0
43 0.0
45 0.0
47 0.0
48 0.0
51 0.0
56 0.0
57 0.0
58 0.0
61 0.0
63 0.0
66 0.0
72 5.5
73 1.9
75 0.0
77 0.2
79 0.0
84 0.0
85 0.0
86 0.0
88 0.0
90 0.0
91 0.1
93 0.2
96 2.2
97 0.9
98 0.0
102 0.0
103 0.0
104 0.0
106 0.0
109 0.0
120 0.0
126 0.0
131 0.0
134 0.0
135 0.0
137 0.0
138 0.0
149 0.0
150 0.0
152 0.0
154 0.0
159 0.0
160 0.0
162 0.5
165 0.0
173 1.0
175 0.0
177 0.4
178 0.0
180 0.7
183 0.0
185 0.0
186 0.0
187 0.0
194 0.0
195 0.0
198 0.3
204 0.0
207 0.0
208 0.0
210 0.4
213 0.1
219 0.1
220 0.0
222 0.2
224 0.1
232 0.0
234 0.3
236 0.0
238 0.0
239 7.9
240 2.8
241 0.0
243 0.3
246 0.0
247 0.1
249 0.2
252 0.0
253 0.0
255 0.2
258 0.0
259 0.0
262 0.0
266 4.1
267 1.8
268 0.1
275 0.4
277 0.0
278 0.0
292 0.1
295 0.0
298 0.0
300 0.3
301 0.0
308 0.0
309 0.0
310 1.6
312 0.0
315 0.1
316 0.3
319 0.1
320 0.0
321 0.0
322 0.0
325 0.0
326 0.0
330 0.0
332 2.0
334 0.0
337 0.0
343 0.0
348 0.1
349 0.0
351 0.1
354 1.2
358 0.2
364 0.0
367 0.0
371 0.1
372 0.1
373 0.4
375 0.0
378 0.3
383 1.5
387 0.2
390 1.5
393 0.7
395 0.0
401 0.3
404 0.0
406 0.0
408 0.5
409 0.0
410 0.5
413 0.2
414 0.0
415 1.3
417 0.0
420 0.0
421 0.1
426 0.0
429 1.9
432 0.0
436 0.0
439 0.0
449 0.1
453 0.0
456 0.6
458 4.6
459 5.8
460 0.1
464 0.0
467 0.9
470 0.0
472 0.0
473 0.3
475 0.0
477 0.0
478 0.0
480 1.9
483 0.0
485 3.1
488 0.0
492 0.1
495 0.0
496 0.2
498 1.2
502 0.5
503 0.1
507 0.0
514 0.1
518 6.4
519 6.2
528 0.0
529 0.3
534 1.0
543 0.0
546 0.0
549 0.2
550 0.0
554 1.4
561 0.0
562 0.0
564 1.3
566 0.5
572 0.1
573 0.3
578 1.2
581 0.0
587 0.0
589 0.0
591 0.7
593 0.3
597 0.6
602 0.9
605 0.8
608 0.2
609 0.0
610 0.0
612 2.1
614 0.3
618 0.4
623 0.0
627 0.3
628 0.1
632 0.5
636 0.0
641 0.0
644 0.1
652 0.0
654 0.2
656 0.4
659 0.8
663 0.4
666 0.0
669 0.2
670 0.0
673 0.0
675 0.2
678 1.1
684 0.0
685 0.0
687 2.1
689 0.0
690 0.1
696 0.7
699 0.0
706 0.0
708 0.1
709 0.0
714 0.1
715 0.0
717 1.3
720 0.1
721 0.0
723 0.0
724 0.3
726 0.0
728 0.0
731 0.1
735 0.0
736 0.0
738 0.0
740 0.0
743 0.0
744 0.2
749 0.0
754 0.0
755 0.0
757 0.0
759 0.2
763 0.0
765 0.2
766 0.0
767 0.0
772 0.0
773 0.0
777 0.0
780 0.1
781 0.0
785 1.5
786 5.2
791 0.0
793 0.0
795 0.0
797 0.0
798 0.2
800 0.1
803 0.1
804 0.0
806 0.0
809 0.2
813 0.0
819 0.0
823 0.0
825 0.8
826 0.0
828 0.7
829 0.0
831 0.6
832 0.1
838 0.1
839 0.0
843 0.0
844 0.0
848 0.0
849 0.0
852 0.5
857 0.2
860 0.0
864 0.1
866 0.0
867 0.1
869 0.0
870 0.0
873 0.1
876 0.2
878 0.0
879 0.1
881 0.0
888 1.0
889 3.7
891 0.0
893 0.3
895 0.0
896 0.0
897 0.0
899 0.2
900 0.0
903 0.0
904 0.0
907 0.0
908 0.0
913 0.0
914 0.0
915 0.0
916 0.0
919 0.0
920 0.0
921 0.0
922 0.0
923 0.0
924 0.0
926 0.0
931 0.9
932 2.0
933 0.0
934 0.0
936 0.0
939 0.2
941 0.0
942 0.0
943 0.0
944 0.0
