35 0.0
36 0.0
38 0.0
39 0.0
43 0.0
45 0.0
47 0.0
48 0.0
51 0.0
56 0.0
57 0.0
58 0.0
61 0.0
63 0.0
66 0.0
72 0.5
73 0.0
75 0.0
77 0.0
79 0.0
84 0.0
85 0.0
86 0.0
88 0.0
90 0.0
91 0.0
93 0.0
96 0.0
97 0.0
98 0.0
102 0.0
103 0.0
104 0.0
106 0.0
109 0.0
120 0.0
126 0.0
131 0.0
134 0.0
135 0.0
137 0.0
138 0.0
149 0.0
150 0.0
152 0.0
154 0.0
159 0.0
160 0.0
162 0.0
165 0.0
173 0.0
175 0.0
177 0.0
178 0.0
180 0.0
183 0.0
185 0.0
186 0.0
187 0.0
194 0.0
195 0.0
198 0.0
204 0.0
207 0.0
208 0.0
210 0.0
213 0.0
219 0.0
220 0.0
222 0.0
224 0.0
232 0.0
234 0.0
236 0.0
238 0.0
239 0.6
240 0.1
241 0.0
243 0.0
246 0.0
247 0.0
249 0.0
252 0.0
253 0.0
255 0.0
258 0.0
259 0.0
262 0.0
266 0.1
267 0.0
268 0.0
275 0.0
277 0.0
278 0.0
292 0.0
295 0.0
298 0.0
300 0.0
301 0.0
308 0.0
309 0.0
310 0.0
312 0.0
315 0.0
316 0.0
319 0.0
320 0.0
321 0.0
322 0.0
325 0.0
326 0.0
330 0.0
332 0.0
334 0.0
337 0.0
343 0.0
348 0.0
349 0.0
351 0.0
354 0.0
358 0.0
364 0.0
367 0.0
371 0.0
372 0.0
373 0.0
375 0.0
378 0.0
383 0.0
387 0.0
390 0.0
393 0.0
395 0.0
401 0.0
404 0.0
406 0.0
408 0.0
409 0.0
410 0.0
413 0.0
414 0.0
415 0.0
417 0.0
420 0.0
421 0.0
426 0.0
429 0.0
432 0.0
436 0.0
439 0.0
449 0.0
453 0.0
456 0.0
458 0.1
459 0.1
460 0.0
464 0.0
467 0.0
470 0.0
472 0.0
473 0.0
475 0.0
477 0.0
478 0.0
480 0.0
483 0.0
485 0.0
488 0.0
492 0.0
495 0.0
496 0.0
498 0.0
502 0.0
503 0.0
507 0.0
514 0.0
518 0.0
519 0.0
528 0.0
529 0.0
534 0.0
543 0.0
546 0.0
549 0.0
550 0.0
554 0.0
561 0.0
562 0.0
564 0.0
566 0.0
572 0.0
573 0.0
578 0.0
581 0.0
587 0.0
589 0.0
591 0.0
593 0.0
597 0.0
602 0.0
605 0.0
608 0.0
609 0.0
610 0.0
612 0.0
614 0.0
618 0.0
623 0.0
627 0.0
628 0.0
632 0.0
636 0.0
641 0.0
644 0.0
652 0.0
654 0.0
656 0.0
659 0.0
663 0.0
666 0.0
669 0.0
670 0.0
673 0.0
675 0.0
678 0.0
684 0.0
685 0.0
687 0.0
689 0.0
690 0.0
696 0.0
699 0.0
706 0.0
708 0.0
709 0.0
714 0.0
715 0.0
717 0.0
720 0.0
721 0.0
723 0.0
724 0.0
726 0.0
728 0.0
731 0.0
735 0.0
736 0.0
738 0.0
740 0.0
743 0.0
744 0.0
749 0.0
754 0.0
755 0.0
757 0.0
759 0.0
763 0.0
765 0.0
766 0.0
767 0.0
772 0.0
773 0.0
777 0.0
780 0.0
781 0.0
785 0.0
786 0.0
791 0.0
793 0.0
795 0.0
797 0.0
798 0.0
800 0.0
803 0.0
804 0.0
806 0.0
809 0.0
813 0.0
819 0.0
823 0.0
825 0.0
826 0.0
828 0.0
829 0.0
831 0.0
832 0.0
838 0.0
839 0.0
843 0.0
844 0.0
848 0.0
849 0.0
852 0.0
857 0.0
860 0.0
864 0.0
866 0.0
867 0.0
869 0.0
870 0.0
873 0.0
876 0.0
878 0.0
879 0.0
881 0.0
888 0.0
889 0.1
891 0.0
893 0.0
895 0.0
896 0.0
897 0.0
899 0.0
900 0.0
903 0.0
904 0.0
907 0.0
908 0.0
913 0.0
914 0.0
915 0.0
916 0.0
919 0.0
920 0.0
921 0.0
922 0.0
923 0.0
924 0.0
926 0.0
931 0.0
932 0.0
933 0.0
934 0.0
936 0.0
939 0.0
941 0.0
942 0.0
943 0.0
944 0.0